root
512
1
-1
-1
-1
-1
-1
even_nos.xsm
182
3
-1
-1
-1
-1
-1
prime100.xsm
294
3
-1
-1
-1
-1
-1
odd_nos.xsm
182
3
-1
-1
-1
-1
-1
divide0.xsm
202
3
-1
-1
-1
-1
-1
utype1.xsm
404
3
-1
-1
-1
-1
-1
ll.xsm
770
3
-1
-1
-1
-1
-1
pid.xsm
126
3
-1
-1
-1
-1
-1
3_Fork.xsm
180
3
-1
-1
-1
-1
-1
3Pros.xsm
1074
3
-1
-1
-1
-1
-1
parent.xsm
352
3
-1
-1
-1
-1
-1
child.xsm
328
3
-1
-1
-1
-1
-1
msortCon.xsm
1930
3
-1
-1
-1
-1
-1
msortSeq.xsm
1150
3
-1
-1
-1
-1
-1
callfork.xsm
358
3
-1
-1
-1
-1
-1
cfile.xsm
202
3
-1
-1
-1
-1
-1
dfile.xsm
146
3
-1
-1
-1
-1
-1
rfile.xsm
336
3
-1
1
-1
-1
-1
numbers.dat
2047
2
-1
0
-1
-1
-1
sample.dat
18
2
-1
1
-1
-1
-1
forkread.xsm
514
3
-1
-1
-1
-1
-1
ls.xsm
288
3
-1
1
-1
-1
-1
-1
0
-1
-1
-1
-1
-1
-1
-1
0
-1
-1
-1
-1
-1
-1
-1
0
-1
-1
-1
-1
-1
-1
-1
0
-1
-1
-1
-1
-1
-1
-1
0
-1
-1
-1
-1
-1
-1
-1
0
-1
-1
-1
-1
-1
-1
-1
0
-1
-1
-1
-1
-1
-1
-1
0
-1
-1
-1
-1
-1
-1
-1
0
-1
-1
-1
-1
-1
-1
-1
0
-1
-1
-1
-1
-1
-1
-1
0
-1
-1
-1
-1
-1
-1
-1
0
-1
-1
-1
-1
-1
-1
-1
0
-1
-1
-1
-1
-1
-1
-1
0
-1
-1
-1
-1
-1
-1
-1
0
-1
-1
-1
-1
-1
-1
-1
0
-1
-1
-1
-1
-1
-1
-1
0
-1
-1
-1
-1
-1
-1
-1
0
-1
-1
-1
-1
-1
-1
-1
0
-1
-1
-1
-1
-1
-1
-1
0
-1
-1
-1
-1
-1
-1
-1
0
-1
-1
-1
-1
-1
-1
-1
0
-1
-1
-1
-1
-1
-1
-1
0
-1
-1
-1
-1
-1
-1
-1
0
-1
-1
-1
-1
-1
-1
-1
0
-1
-1
-1
-1
-1
-1
-1
0
-1
-1
-1
-1
-1
-1
-1
0
-1
-1
-1
-1
-1
-1
-1
0
-1
-1
-1
-1
-1
-1
-1
0
-1
-1
-1
-1
-1
-1
-1
0
-1
-1
-1
-1
-1
-1
-1
0
-1
-1
-1
-1
-1
-1
-1
0
-1
-1
-1
-1
-1
-1
-1
0
-1
-1
-1
-1
-1
-1
-1
0
-1
-1
-1
-1
-1
-1
-1
0
-1
-1
-1
-1
-1
-1
-1
0
-1
-1
-1
-1
-1
-1
-1
0
-1
-1
-1
-1
-1
-1
-1
0
-1
-1
-1
-1
-1
-1
-1
0
-1
-1
-1
-1
-1
-1
-1
0
-1
-1
-1
-1
-1
-1
-1
0
-1
-1
-1
-1
-1
-1
-1
0
-1
-1
-1
-1
-1
-1
